[Variables]
ercf_calib_0 = 1.0
ercf_calib_1 = 0.949182355767
ercf_calib_10 = 0.96249996535
ercf_calib_11 = 0.947989915621
ercf_calib_2 = 1.00613329711
ercf_calib_3 = 0.940897721739
ercf_calib_4 = 0.982552047961
ercf_calib_5 = 0.938557180142
ercf_calib_6 = 0.939725993567
ercf_calib_7 = 0.939725993567
ercf_calib_8 = 1.01288586958
ercf_calib_9 = 1.00079571994
ercf_calib_ref = 720.116644

