[Variables]
ercf_calib_0 = 1.0
ercf_calib_1 = 0.960993263121
ercf_calib_10 = 0.96249996535
ercf_calib_11 = 0.947989915621
ercf_calib_2 = 0.981969923708
ercf_calib_3 = 0.971368359079
ercf_calib_4 = 0.975317010946
ercf_calib_5 = 71.9783954078
ercf_calib_6 = 0.998313389844
ercf_calib_7 = 0.979297896704
ercf_calib_8 = 1.01288586958
ercf_calib_9 = 1.00079571994
ercf_calib_ref = 731.830707

