[Variables]
ercf_calib_0 = 1.0
ercf_calib_1 = 0.932611132439
ercf_calib_10 = 0.971028352383
ercf_calib_11 = 0.962822478982
ercf_calib_2 = 0.980780430527
ercf_calib_3 = 0.958771332507
ercf_calib_4 = 0.964180479658
ercf_calib_5 = 0.960117921457
ercf_calib_6 = 0.946819889304
ercf_calib_7 = 0.940308060629
ercf_calib_8 = 0.966908005767
ercf_calib_9 = 0.952196665703
ercf_calib_ref = 734.109264

