[Variables]
ercf_calib_0 = 1.0
ercf_calib_1 = 0.957454
ercf_calib_10 = 0.96532
ercf_calib_11 = 0.963653
ercf_calib_2 = 0.962022
ercf_calib_3 = 0.969964
ercf_calib_4 = 0.969038
ercf_calib_5 = 0.963472
ercf_calib_6 = 1.005949
ercf_calib_7 = 0.966706
ercf_calib_8 = 0.981091
ercf_calib_9 = 1.001555
ercf_calib_clog_length = 4.3
ercf_calib_ref = 744.1
ercf_calib_version = 3

