[Variables]
ercf_calib_0 = 1.0
ercf_calib_1 = 0.998727634021
ercf_calib_10 = 1.00593866387
ercf_calib_11 = 1.001119796019
ercf_calib_2 = 1.007150638163
ercf_calib_3 = 1.001119796019
ercf_calib_4 = 1.002320179467
ercf_calib_5 = 0.999922284301
ercf_calib_6 = 1.003523444989
ercf_calib_7 = 0.985772440655
ercf_calib_8 = 1.001119796019
ercf_calib_9 = 1.00593866387
ercf_calib_ref = 744.3
ercf_calib_version = 2

